              precision    recall  f1-score   support

           0     0.9592    0.9837    0.9713       980
           1     0.9739    0.9859    0.9799      1135
           2     0.9444    0.9380    0.9412      1032
           3     0.9218    0.9455    0.9335      1010
           4     0.9453    0.9501    0.9477       982
           5     0.9464    0.9114    0.9286       892
           6     0.9522    0.9562    0.9542       958
           7     0.9580    0.9309    0.9443      1028
           8     0.9333    0.9045    0.9187       974
           9     0.9188    0.9415    0.9300      1009

    accuracy                         0.9456     10000
   macro avg     0.9453    0.9448    0.9449     10000
weighted avg     0.9457    0.9456    0.9455     10000
