              precision    recall  f1-score   support

           0     0.9848    0.9898    0.9873       980
           1     0.9912    0.9912    0.9912      1135
           2     0.9823    0.9700    0.9761      1032
           3     0.9888    0.9653    0.9770      1010
           4     0.9739    0.9888    0.9813       982
           5     0.9765    0.9765    0.9765       892
           6     0.9875    0.9885    0.9880       958
           7     0.9659    0.9922    0.9789      1028
           8     0.9845    0.9774    0.9809       974
           9     0.9791    0.9742    0.9767      1009

    accuracy                         0.9815     10000
   macro avg     0.9814    0.9814    0.9814     10000
weighted avg     0.9816    0.9815    0.9815     10000
