              precision    recall  f1-score   support

           0     0.9731    0.9949    0.9839       980
           1     0.9912    0.9947    0.9930      1135
           2     0.9816    0.9816    0.9816      1032
           3     0.9831    0.9802    0.9817      1010
           4     0.9797    0.9817    0.9807       982
           5     0.9799    0.9854    0.9827       892
           6     0.9884    0.9749    0.9816       958
           7     0.9911    0.9708    0.9808      1028
           8     0.9815    0.9805    0.9810       974
           9     0.9734    0.9782    0.9758      1009

    accuracy                         0.9824     10000
   macro avg     0.9823    0.9823    0.9823     10000
weighted avg     0.9824    0.9824    0.9824     10000
