              precision    recall  f1-score   support

           0     0.9747    0.9837    0.9792       980
           1     0.9799    0.9859    0.9829      1135
           2     0.9650    0.9632    0.9641      1032
           3     0.9615    0.9396    0.9504      1010
           4     0.9593    0.9613    0.9603       982
           5     0.9324    0.9585    0.9453       892
           6     0.9638    0.9739    0.9688       958
           7     0.9591    0.9582    0.9586      1028
           8     0.9506    0.9487    0.9496       974
           9     0.9604    0.9366    0.9483      1009

    accuracy                         0.9612     10000
   macro avg     0.9607    0.9609    0.9608     10000
weighted avg     0.9612    0.9612    0.9612     10000
