              precision    recall  f1-score   support

           0     0.9769    0.9908    0.9838       980
           1     0.9852    0.9938    0.9895      1135
           2     0.9823    0.9661    0.9741      1032
           3     0.9687    0.9792    0.9739      1010
           4     0.9719    0.9847    0.9782       982
           5     0.9806    0.9652    0.9729       892
           6     0.9844    0.9864    0.9854       958
           7     0.9664    0.9786    0.9725      1028
           8     0.9732    0.9692    0.9712       974
           9     0.9847    0.9574    0.9709      1009

    accuracy                         0.9774     10000
   macro avg     0.9774    0.9772    0.9772     10000
weighted avg     0.9775    0.9774    0.9774     10000
