              precision    recall  f1-score   support

           0     0.9486    0.9786    0.9633       980
           1     0.9696    0.9833    0.9764      1135
           2     0.9250    0.8963    0.9104      1032
           3     0.9056    0.9119    0.9087      1010
           4     0.9113    0.9308    0.9209       982
           5     0.9062    0.8879    0.8969       892
           6     0.9373    0.9520    0.9446       958
           7     0.9372    0.9144    0.9257      1028
           8     0.9041    0.9004    0.9023       974
           9     0.9078    0.8979    0.9028      1009

    accuracy                         0.9262     10000
   macro avg     0.9253    0.9253    0.9252     10000
weighted avg     0.9260    0.9262    0.9260     10000
