              precision    recall  f1-score   support

           0     0.9614    0.9918    0.9764       980
           1     0.9732    0.9903    0.9817      1135
           2     0.9553    0.9738    0.9645      1032
           3     0.9518    0.9584    0.9551      1010
           4     0.9615    0.9654    0.9634       982
           5     0.9571    0.9496    0.9533       892
           6     0.9735    0.9582    0.9658       958
           7     0.9694    0.9553    0.9623      1028
           8     0.9692    0.9384    0.9536       974
           9     0.9558    0.9425    0.9491      1009

    accuracy                         0.9629     10000
   macro avg     0.9628    0.9624    0.9625     10000
weighted avg     0.9629    0.9629    0.9628     10000
