              precision    recall  f1-score   support

           0     0.9547    0.9888    0.9714       980
           1     0.9791    0.9885    0.9838      1135
           2     0.9728    0.9360    0.9541      1032
           3     0.8931    0.9762    0.9328      1010
           4     0.9622    0.9603    0.9613       982
           5     0.9498    0.9339    0.9418       892
           6     0.9754    0.9520    0.9635       958
           7     0.9580    0.9533    0.9556      1028
           8     0.9583    0.9199    0.9387       974
           9     0.9496    0.9336    0.9415      1009

    accuracy                         0.9549     10000
   macro avg     0.9553    0.9543    0.9545     10000
weighted avg     0.9556    0.9549    0.9549     10000
