              precision    recall  f1-score   support

           0     0.9815    0.9745    0.9780       980
           1     0.9816    0.9859    0.9837      1135
           2     0.9603    0.9612    0.9608      1032
           3     0.9311    0.9762    0.9531      1010
           4     0.9788    0.9420    0.9600       982
           5     0.9755    0.9383    0.9566       892
           6     0.9638    0.9729    0.9683       958
           7     0.9748    0.9426    0.9585      1028
           8     0.9381    0.9641    0.9509       974
           9     0.9301    0.9495    0.9397      1009

    accuracy                         0.9612     10000
   macro avg     0.9616    0.9607    0.9610     10000
weighted avg     0.9616    0.9612    0.9612     10000
