              precision    recall  f1-score   support

           0     0.9888    0.9908    0.9898       980
           1     0.9843    0.9947    0.9895      1135
           2     0.9797    0.9816    0.9806      1032
           3     0.9765    0.9891    0.9828      1010
           4     0.9897    0.9807    0.9852       982
           5     0.9932    0.9776    0.9853       892
           6     0.9793    0.9885    0.9839       958
           7     0.9853    0.9757    0.9804      1028
           8     0.9854    0.9692    0.9772       974
           9     0.9676    0.9782    0.9729      1009

    accuracy                         0.9828     10000
   macro avg     0.9830    0.9826    0.9828     10000
weighted avg     0.9829    0.9828    0.9828     10000
