              precision    recall  f1-score   support

           0     0.9760    0.9939    0.9848       980
           1     0.9903    0.9921    0.9912      1135
           2     0.9805    0.9748    0.9776      1032
           3     0.9773    0.9782    0.9777      1010
           4     0.9817    0.9817    0.9817       982
           5     0.9799    0.9821    0.9810       892
           6     0.9843    0.9843    0.9843       958
           7     0.9815    0.9825    0.9820      1028
           8     0.9794    0.9743    0.9768       974
           9     0.9799    0.9673    0.9736      1009

    accuracy                         0.9812     10000
   macro avg     0.9811    0.9811    0.9811     10000
weighted avg     0.9812    0.9812    0.9812     10000
