              precision    recall  f1-score   support

           0     0.9759    0.9908    0.9833       980
           1     0.9843    0.9921    0.9882      1135
           2     0.9873    0.9758    0.9815      1032
           3     0.9756    0.9901    0.9828      1010
           4     0.9888    0.9857    0.9873       982
           5     0.9909    0.9809    0.9859       892
           6     0.9864    0.9843    0.9854       958
           7     0.9816    0.9844    0.9830      1028
           8     0.9835    0.9784    0.9810       974
           9     0.9850    0.9742    0.9796      1009

    accuracy                         0.9838     10000
   macro avg     0.9839    0.9837    0.9838     10000
weighted avg     0.9838    0.9838    0.9838     10000
